-2000 500 -500
-1995.55 500 -500
-1991.11 500 -500
-1986.66 500 -500
-1982.21 500 -500
-1977.77 500 -500
-1973.32 500 -500
-1968.87 500 -500
-1964.42 500 -500
-1959.98 500 -500
-1955.53 500 -500
-1951.08 500 -500
-1946.64 500 -500
-1942.19 500 -500
-1937.74 500 -500
-1933.3 500 -500
-1928.85 500 -500
-1924.4 500 -500
-1919.96 500 -500
-1915.51 500 -500
-1911.06 500 -500
-1906.61 500 -500
-1902.17 500 -500
-1897.72 500 -500
-1893.27 500 -500
-1888.83 500 -500
-1884.38 500 -500
-1879.93 500 -500
-1875.49 500 -500
-1871.04 500 -500
-1866.59 500 -500
-1862.15 500 -500
-1857.7 500 -500
-1853.25 500 -500
-1848.8 500 -500
-1844.36 500 -500
-1839.91 500 -500
-1835.46 500 -500
-1831.02 500 -500
-1826.57 500 -500
-1822.12 500 -500
-1817.68 500 -500
-1813.23 500 -500
-1808.78 500 -500
-1804.34 500 -500
-1799.89 500 -500
-1795.44 500 -500
-1790.99 500 -500
-1786.55 500 -500
-1782.1 500 -500
-1777.65 500 -500
-1773.21 500 -500
-1768.76 500 -500
-1764.31 500 -500
-1759.87 500 -500
-1755.42 500 -500
-1750.97 500 -500
-1746.53 500 -500
-1742.08 500 -500
-1737.63 500 -500
-1733.19 500 -500
-1728.74 500 -500
-1724.29 500 -500
-1719.84 500 -500
-1715.4 500 -500
-1710.95 500 -500
-1706.5 500 -500
-1702.06 500 -500
-1697.61 500 -500
-1693.16 500 -500
-1688.72 500 -500
-1684.27 500 -500
-1679.82 500 -500
-1675.38 500 -500
-1670.93 500 -500
-1666.48 500 -500
-1662.03 500 -500
-1657.59 500 -500
-1653.14 500 -500
-1648.69 500 -500
-1644.25 500 -500
-1639.8 500 -500
-1635.35 500 -500
-1630.91 500 -500
-1626.46 500 -500
-1622.01 500 -500
-1617.57 500 -500
-1613.12 500 -500
-1608.67 500 -500
-1604.22 500 -500
-1599.78 500 -500
-1595.33 500 -500
-1590.88 500 -500
-1586.44 500 -500
-1581.99 500 -500
-1577.54 500 -500
-1573.1 500 -500
-1568.65 500 -500
-1564.2 500 -500
-1559.76 500 -500
-1555.31 500 -500
-1550.86 500 -500
-1546.41 500 -500
-1541.97 500 -500
-1537.52 500 -500
-1533.07 500 -500
-1528.63 500 -500
-1524.18 500 -500
-1519.73 500 -500
-1515.29 500 -500
-1510.84 500 -500
-1506.39 500 -500
-1501.95 500 -500
-1497.5 500 -500
-1493.05 500 -500
-1488.6 500 -500
-1484.16 500 -500
-1479.71 500 -500
-1475.26 500 -500
-1470.82 500 -500
-1466.37 500 -500
-1461.92 500 -500
-1457.48 500 -500
-1453.03 500 -500
-1448.58 500 -500
-1444.14 500 -500
-1439.69 500 -500
-1435.24 500 -500
-1430.79 500 -500
-1426.35 500 -500
-1421.9 500 -500
-1417.45 500 -500
-1413.01 500 -500
-1408.56 500 -500
-1404.11 500 -500
-1399.67 500 -500
-1395.22 500 -500
-1390.77 500 -500
-1386.33 500 -500
-1381.88 500 -500
-1377.43 500 -500
-1372.98 500 -500
-1368.54 500 -500
-1364.09 500 -500
-1359.64 500 -500
-1355.2 500 -500
-1350.75 500 -500
-1346.3 500 -500
-1341.86 500 -500
-1337.41 500 -500
-1332.96 500 -500
-1328.52 500 -500
-1324.07 500 -500
-1319.62 500 -500
-1315.18 500 -500
-1310.73 500 -500
-1306.28 500 -500
-1301.83 500 -500
-1297.39 500 -500
-1292.94 500 -500
-1288.49 500 -500
-1284.05 500 -500
-1279.6 500 -500
-1275.15 500 -500
-1270.71 500 -500
-1266.26 500 -500
-1261.81 500 -500
-1257.37 500 -500
-1252.92 500 -500
-1248.47 500 -500
-1244.02 500 -500
-1239.58 500 -500
-1235.13 500 -500
-1230.68 500 -500
-1226.24 500 -500
-1221.79 500 -500
-1217.34 500 -500
-1212.9 500 -500
-1208.45 500 -500
-1204 500 -500
-1199.56 500 -500
-1195.11 500 -500
-1190.66 500 -500
-1186.21 500 -500
-1181.77 500 -500
-1177.32 500 -500
-1172.87 500 -500
-1168.43 500 -500
-1163.98 500 -500
-1159.53 500 -500
-1155.09 500 -500
-1150.64 500 -500
-1146.19 500 -500
-1141.75 500 -500
-1137.3 500 -500
-1132.85 500 -500
-1128.4 500 -500
-1123.96 500 -500
-1119.51 500 -500
-1115.06 500 -500
-1110.62 500 -500
-1106.17 500 -500
-1101.72 500 -500
-1097.28 500 -500
-1092.83 500 -500
-1088.38 500 -500
-1083.94 500 -500
-1079.49 500 -500
-1075.04 500 -500
-1070.59 500 -500
-1066.15 500 -500
-1061.7 500 -500
-1057.25 500 -500
-1052.81 500 -500
-1048.36 500 -500
-1043.91 500 -500
-1039.47 500 -500
-1035.02 500 -500
-1030.57 500 -500
-1026.13 500 -500
-1021.68 500 -500
-1017.23 500 -500
-1012.78 500 -500
-1008.34 500 -500
-1003.89 500 -500
-999.444 500 -500
-994.997 500 -500
-990.55 500 -500
-986.103 500 -500
-981.656 500 -500
-977.21 500 -500
-972.763 500 -500
-968.316 500 -500
-963.869 500 -500
-959.422 500 -500
-954.975 500 -500
-950.528 500 -500
-946.081 500 -500
-941.634 500 -500
-937.187 500 -500
-932.74 500 -500
-928.293 500 -500
-923.847 500 -500
-919.4 500 -500
-914.953 500 -500
-910.506 500 -500
-906.059 500 -500
-901.612 500 -500
-897.165 500 -500
-892.718 500 -500
-888.271 500 -500
-883.824 500 -500
-879.377 500 -500
-874.931 500 -500
-870.484 500 -500
-866.037 500 -500
-861.59 500 -500
-857.143 500 -500
-852.696 500 -500
-848.249 500 -500
-843.802 500 -500
-839.355 500 -500
-834.908 500 -500
-830.461 500 -500
-826.014 500 -500
-821.568 500 -500
-817.121 500 -500
-812.674 500 -500
-808.227 500 -500
-803.78 500 -500
-799.333 500 -500
-794.886 500 -500
-790.439 500 -500
-785.992 500 -500
-781.545 500 -500
-777.098 500 -500
-772.651 500 -500
-768.205 500 -500
-763.758 500 -500
-759.311 500 -500
-754.864 500 -500
-750.417 500 -500
-745.97 500 -500
-741.523 500 -500
-737.076 500 -500
-732.629 500 -500
-728.182 500 -500
-723.735 500 -500
-719.288 500 -500
-714.842 500 -500
-710.395 500 -500
-705.948 500 -500
-701.501 500 -500
-697.054 500 -500
-692.607 500 -500
-688.16 500 -500
-683.713 500 -500
-679.266 500 -500
-674.819 500 -500
-670.372 500 -500
-665.926 500 -500
-661.479 500 -500
-657.032 500 -500
-652.585 500 -500
-648.138 500 -500
-643.691 500 -500
-639.244 500 -500
-634.797 500 -500
-630.35 500 -500
-625.903 500 -500
-621.456 500 -500
-617.009 500 -500
-612.563 500 -500
-608.116 500 -500
-603.669 500 -500
-599.222 500 -500
-594.775 500 -500
-590.328 500 -500
-585.881 500 -500
-581.434 500 -500
-576.987 500 -500
-572.54 500 -500
-568.093 500 -500
-563.646 500 -500
-559.2 500 -500
-554.753 500 -500
-550.306 500 -500
-545.859 500 -500
-541.412 500 -500
-536.965 500 -500
-532.518 500 -500
-528.071 500 -500
-523.624 500 -500
-519.177 500 -500
-514.73 500 -500
-510.283 500 -500
-505.837 500 -500
-501.39 500 -500
-496.943 500 -500
-492.496 500 -500
-488.049 500 -500
-483.602 500 -500
-479.155 500 -500
-474.708 500 -500
-470.261 500 -500
-465.814 500 -500
-461.367 500 -500
-456.921 500 -500
-452.474 500 -500
-448.027 500 -500
-443.58 500 -500
-439.133 500 -500
-434.686 500 -500
-430.239 500 -500
-425.792 500 -500
-421.345 500 -500
-416.898 500 -500
-412.451 500 -500
-408.004 500 -500
-403.558 500 -500
-399.111 500 -500
-394.664 500 -500
-390.217 500 -500
-385.77 500 -500
-381.323 500 -500
-376.876 500 -500
-372.429 500 -500
-367.982 500 -500
-363.535 500 -500
-359.088 500 -500
-354.641 500 -500
-350.195 500 -500
-345.748 500 -500
-341.301 500 -500
-336.854 500 -500
-332.407 500 -500
-327.96 500 -500
-323.513 500 -500
-319.066 500 -500
-314.619 500 -500
-310.172 500 -500
-305.725 500 -500
-301.278 500 -500
-296.832 500 -500
-292.385 500 -500
-287.938 500 -500
-283.491 500 -500
-279.044 500 -500
-274.597 500 -500
-270.15 500 -500
-265.703 500 -500
-261.256 500 -500
-256.809 500 -500
-252.362 500 -500
-247.916 500 -500
-243.469 500 -500
-239.022 500 -500
-234.575 500 -500
-230.128 500 -500
-225.681 500 -500
-221.234 500 -500
-216.787 500 -500
-212.34 500 -500
-207.893 500 -500
-203.446 500 -500
-198.999 500 -500
-194.553 500 -500
-190.106 500 -500
-185.659 500 -500
-181.212 500 -500
-176.765 500 -500
-172.318 500 -500
-167.871 500 -500
-163.424 500 -500
-158.977 500 -500
-154.53 500 -500
-150.083 500 -500
-145.636 500 -500
-141.19 500 -500
-136.743 500 -500
-132.296 500 -500
-127.849 500 -500
-123.402 500 -500
-118.955 500 -500
-114.508 500 -500
-110.061 500 -500
-105.614 500 -500
-101.167 500 -500
-96.7204 500 -500
-92.2735 500 -500
-87.8266 500 -500
-83.3797 500 -500
-78.9327 500 -500
-74.4858 500 -500
-70.0389 500 -500
-65.592 500 -500
-61.1451 500 -500
-56.6982 500 -500
-52.2513 500 -500
-47.8043 500 -500
-43.3574 500 -500
-38.9105 500 -500
-34.4636 500 -500
-30.0167 500 -500
-25.5698 500 -500
-21.1228 500 -500
-16.6759 500 -500
-12.229 500 -500
-7.7821 500 -500
-3.33519 500 -500
1.11173 500 -500
5.55864 500 -500
10.0056 500 -500
14.4525 500 -500
18.8994 500 -500
23.3463 500 -500
27.7932 500 -500
32.2401 500 -500
36.687 500 -500
41.134 500 -500
45.5809 500 -500
50.0278 500 -500
54.4747 500 -500
58.9216 500 -500
63.3685 500 -500
67.8155 500 -500
72.2624 500 -500
76.7093 500 -500
81.1562 500 -500
85.6031 500 -500
90.05 500 -500
94.4969 500 -500
98.9439 500 -500
103.391 500 -500
107.838 500 -500
112.285 500 -500
116.732 500 -500
121.178 500 -500
125.625 500 -500
130.072 500 -500
134.519 500 -500
138.966 500 -500
143.413 500 -500
147.86 500 -500
152.307 500 -500
156.754 500 -500
161.201 500 -500
165.648 500 -500
170.094 500 -500
174.541 500 -500
178.988 500 -500
183.435 500 -500
187.882 500 -500
192.329 500 -500
196.776 500 -500
201.223 500 -500
205.67 500 -500
210.117 500 -500
214.564 500 -500
219.011 500 -500
223.457 500 -500
227.904 500 -500
232.351 500 -500
236.798 500 -500
241.245 500 -500
245.692 500 -500
250.139 500 -500
254.586 500 -500
259.033 500 -500
263.48 500 -500
267.927 500 -500
272.374 500 -500
276.82 500 -500
281.267 500 -500
285.714 500 -500
290.161 500 -500
294.608 500 -500
299.055 500 -500
303.502 500 -500
307.949 500 -500
312.396 500 -500
316.843 500 -500
321.29 500 -500
325.737 500 -500
330.183 500 -500
334.63 500 -500
339.077 500 -500
343.524 500 -500
347.971 500 -500
352.418 500 -500
356.865 500 -500
361.312 500 -500
365.759 500 -500
370.206 500 -500
374.653 500 -500
379.099 500 -500
383.546 500 -500
387.993 500 -500
392.44 500 -500
396.887 500 -500
401.334 500 -500
405.781 500 -500
410.228 500 -500
414.675 500 -500
419.122 500 -500
423.569 500 -500
428.016 500 -500
432.462 500 -500
436.909 500 -500
441.356 500 -500
445.803 500 -500
450.25 500 -500
454.697 500 -500
459.144 500 -500
463.591 500 -500
468.038 500 -500
472.485 500 -500
476.932 500 -500
481.379 500 -500
485.825 500 -500
490.272 500 -500
494.719 500 -500
499.166 500 -500
503.613 500 -500
508.06 500 -500
512.507 500 -500
516.954 500 -500
521.401 500 -500
525.848 500 -500
530.295 500 -500
534.742 500 -500
539.188 500 -500
543.635 500 -500
548.082 500 -500
552.529 500 -500
556.976 500 -500
561.423 500 -500
565.87 500 -500
570.317 500 -500
574.764 500 -500
579.211 500 -500
583.658 500 -500
588.105 500 -500
592.551 500 -500
596.998 500 -500
601.445 500 -500
605.892 500 -500
610.339 500 -500
614.786 500 -500
619.233 500 -500
623.68 500 -500
628.127 500 -500
632.574 500 -500
637.021 500 -500
641.467 500 -500
645.914 500 -500
650.361 500 -500
654.808 500 -500
659.255 500 -500
663.702 500 -500
668.149 500 -500
672.596 500 -500
677.043 500 -500
681.49 500 -500
685.937 500 -500
690.384 500 -500
694.83 500 -500
699.277 500 -500
703.724 500 -500
708.171 500 -500
712.618 500 -500
717.065 500 -500
721.512 500 -500
725.959 500 -500
730.406 500 -500
734.853 500 -500
739.3 500 -500
743.747 500 -500
748.193 500 -500
752.64 500 -500
757.087 500 -500
761.534 500 -500
765.981 500 -500
770.428 500 -500
774.875 500 -500
779.322 500 -500
783.769 500 -500
788.216 500 -500
792.663 500 -500
797.11 500 -500
801.556 500 -500
806.003 500 -500
810.45 500 -500
814.897 500 -500
819.344 500 -500
823.791 500 -500
828.238 500 -500
832.685 500 -500
837.132 500 -500
841.579 500 -500
846.026 500 -500
850.472 500 -500
854.919 500 -500
859.366 500 -500
863.813 500 -500
868.26 500 -500
872.707 500 -500
877.154 500 -500
881.601 500 -500
886.048 500 -500
890.495 500 -500
894.942 500 -500
899.389 500 -500
903.835 500 -500
908.282 500 -500
912.729 500 -500
917.176 500 -500
921.623 500 -500
926.07 500 -500
930.517 500 -500
934.964 500 -500
939.411 500 -500
943.858 500 -500
948.305 500 -500
952.752 500 -500
957.198 500 -500
961.645 500 -500
966.092 500 -500
970.539 500 -500
974.986 500 -500
979.433 500 -500
983.88 500 -500
988.327 500 -500
992.774 500 -500
997.221 500 -500
1001.67 500 -500
1006.11 500 -500
1010.56 500 -500
1015.01 500 -500
1019.46 500 -500
1023.9 500 -500
1028.35 500 -500
1032.8 500 -500
1037.24 500 -500
1041.69 500 -500
1046.14 500 -500
1050.58 500 -500
1055.03 500 -500
1059.48 500 -500
1063.92 500 -500
1068.37 500 -500
1072.82 500 -500
1077.27 500 -500
1081.71 500 -500
1086.16 500 -500
1090.61 500 -500
1095.05 500 -500
1099.5 500 -500
1103.95 500 -500
1108.39 500 -500
1112.84 500 -500
1117.29 500 -500
1121.73 500 -500
1126.18 500 -500
1130.63 500 -500
1135.08 500 -500
1139.52 500 -500
1143.97 500 -500
1148.42 500 -500
1152.86 500 -500
1157.31 500 -500
1161.76 500 -500
1166.2 500 -500
1170.65 500 -500
1175.1 500 -500
1179.54 500 -500
1183.99 500 -500
1188.44 500 -500
1192.88 500 -500
1197.33 500 -500
1201.78 500 -500
1206.23 500 -500
1210.67 500 -500
1215.12 500 -500
1219.57 500 -500
1224.01 500 -500
1228.46 500 -500
1232.91 500 -500
1237.35 500 -500
1241.8 500 -500
1246.25 500 -500
1250.69 500 -500
1255.14 500 -500
1259.59 500 -500
1264.04 500 -500
1268.48 500 -500
1272.93 500 -500
1277.38 500 -500
1281.82 500 -500
1286.27 500 -500
1290.72 500 -500
1295.16 500 -500
1299.61 500 -500
1304.06 500 -500
1308.5 500 -500
1312.95 500 -500
1317.4 500 -500
1321.85 500 -500
1326.29 500 -500
1330.74 500 -500
1335.19 500 -500
1339.63 500 -500
1344.08 500 -500
1348.53 500 -500
1352.97 500 -500
1357.42 500 -500
1361.87 500 -500
1366.31 500 -500
1370.76 500 -500
1375.21 500 -500
1379.66 500 -500
1384.1 500 -500
1388.55 500 -500
1393 500 -500
1397.44 500 -500
1401.89 500 -500
1406.34 500 -500
1410.78 500 -500
1415.23 500 -500
1419.68 500 -500
1424.12 500 -500
1428.57 500 -500
1433.02 500 -500
1437.47 500 -500
1441.91 500 -500
1446.36 500 -500
1450.81 500 -500
1455.25 500 -500
1459.7 500 -500
1464.15 500 -500
1468.59 500 -500
1473.04 500 -500
1477.49 500 -500
1481.93 500 -500
1486.38 500 -500
1490.83 500 -500
1495.28 500 -500
1499.72 500 -500
1504.17 500 -500
1508.62 500 -500
1513.06 500 -500
1517.51 500 -500
1521.96 500 -500
1526.4 500 -500
1530.85 500 -500
1535.3 500 -500
1539.74 500 -500
1544.19 500 -500
1548.64 500 -500
1553.09 500 -500
1557.53 500 -500
1561.98 500 -500
1566.43 500 -500
1570.87 500 -500
1575.32 500 -500
1579.77 500 -500
1584.21 500 -500
1588.66 500 -500
1593.11 500 -500
1597.55 500 -500
1602 500 -500
1606.45 500 -500
1610.89 500 -500
1615.34 500 -500
1619.79 500 -500
1624.24 500 -500
1628.68 500 -500
1633.13 500 -500
1637.58 500 -500
1642.02 500 -500
1646.47 500 -500
1650.92 500 -500
1655.36 500 -500
1659.81 500 -500
1664.26 500 -500
1668.7 500 -500
1673.15 500 -500
1677.6 500 -500
1682.05 500 -500
1686.49 500 -500
1690.94 500 -500
1695.39 500 -500
1699.83 500 -500
1704.28 500 -500
1708.73 500 -500
1713.17 500 -500
1717.62 500 -500
1722.07 500 -500
1726.51 500 -500
1730.96 500 -500
1735.41 500 -500
1739.86 500 -500
1744.3 500 -500
1748.75 500 -500
1753.2 500 -500
1757.64 500 -500
1762.09 500 -500
1766.54 500 -500
1770.98 500 -500
1775.43 500 -500
1779.88 500 -500
1784.32 500 -500
1788.77 500 -500
1793.22 500 -500
1797.67 500 -500
1802.11 500 -500
1806.56 500 -500
1811.01 500 -500
1815.45 500 -500
1819.9 500 -500
1824.35 500 -500
1828.79 500 -500
1833.24 500 -500
1837.69 500 -500
1842.13 500 -500
1846.58 500 -500
1851.03 500 -500
1855.48 500 -500
1859.92 500 -500
1864.37 500 -500
1868.82 500 -500
1873.26 500 -500
1877.71 500 -500
1882.16 500 -500
1886.6 500 -500
1891.05 500 -500
1895.5 500 -500
1899.94 500 -500
1904.39 500 -500
1908.84 500 -500
1913.29 500 -500
1917.73 500 -500
1922.18 500 -500
1926.63 500 -500
1931.07 500 -500
1935.52 500 -500
1939.97 500 -500
1944.41 500 -500
1948.86 500 -500
1953.31 500 -500
1957.75 500 -500
1962.2 500 -500
1966.65 500 -500
1971.1 500 -500
1975.54 500 -500
1979.99 500 -500
1984.44 500 -500
1988.88 500 -500
1993.33 500 -500
1997.78 500 -500
2002.22 500 -500
2006.67 500 -500
2011.12 500 -500
2015.56 500 -500
2020.01 500 -500
2024.46 500 -500
2028.9 500 -500
2033.35 500 -500
2037.8 500 -500
2042.25 500 -500
2046.69 500 -500
2051.14 500 -500
2055.59 500 -500
2060.03 500 -500
2064.48 500 -500
2068.93 500 -500
2073.37 500 -500
2077.82 500 -500
2082.27 500 -500
2086.71 500 -500
2091.16 500 -500
2095.61 500 -500
2100.06 500 -500
2104.5 500 -500
2108.95 500 -500
2113.4 500 -500
2117.84 500 -500
2122.29 500 -500
2126.74 500 -500
2131.18 500 -500
2135.63 500 -500
2140.08 500 -500
2144.52 500 -500
2148.97 500 -500
2153.42 500 -500
2157.87 500 -500
2162.31 500 -500
2166.76 500 -500
2171.21 500 -500
2175.65 500 -500
2180.1 500 -500
2184.55 500 -500
2188.99 500 -500
2193.44 500 -500
2197.89 500 -500
2202.33 500 -500
2206.78 500 -500
2211.23 500 -500
2215.68 500 -500
2220.12 500 -500
2224.57 500 -500
2229.02 500 -500
2233.46 500 -500
2237.91 500 -500
2242.36 500 -500
2246.8 500 -500
2251.25 500 -500
2255.7 500 -500
2260.14 500 -500
2264.59 500 -500
2269.04 500 -500
2273.49 500 -500
2277.93 500 -500
2282.38 500 -500
2286.83 500 -500
2291.27 500 -500
2295.72 500 -500
2300.17 500 -500
2304.61 500 -500
2309.06 500 -500
2313.51 500 -500
2317.95 500 -500
2322.4 500 -500
2326.85 500 -500
2331.3 500 -500
2335.74 500 -500
2340.19 500 -500
2344.64 500 -500
2349.08 500 -500
2353.53 500 -500
2357.98 500 -500
2362.42 500 -500
2366.87 500 -500
2371.32 500 -500
2375.76 500 -500
2380.21 500 -500
2384.66 500 -500
2389.11 500 -500
2393.55 500 -500
2398 500 -500
2402.45 500 -500
2406.89 500 -500
2411.34 500 -500
2415.79 500 -500
2420.23 500 -500
2424.68 500 -500
2429.13 500 -500
2433.57 500 -500
2438.02 500 -500
2442.47 500 -500
2446.91 500 -500
2451.36 500 -500
2455.81 500 -500
2460.26 500 -500
2464.7 500 -500
2469.15 500 -500
2473.6 500 -500
2478.04 500 -500
2482.49 500 -500
2486.94 500 -500
2491.38 500 -500
2495.83 500 -500
2500.28 500 -500
2504.72 500 -500
2509.17 500 -500
2513.62 500 -500
2518.07 500 -500
2522.51 500 -500
2526.96 500 -500
2531.41 500 -500
2535.85 500 -500
2540.3 500 -500
2544.75 500 -500
2549.19 500 -500
2553.64 500 -500
2558.09 500 -500
2562.53 500 -500
2566.98 500 -500
2571.43 500 -500
2575.88 500 -500
2580.32 500 -500
2584.77 500 -500
2589.22 500 -500
2593.66 500 -500
2598.11 500 -500
2602.56 500 -500
2607 500 -500
2611.45 500 -500
2615.9 500 -500
2620.34 500 -500
2624.79 500 -500
2629.24 500 -500
2633.69 500 -500
2638.13 500 -500
2642.58 500 -500
2647.03 500 -500
2651.47 500 -500
2655.92 500 -500
2660.37 500 -500
2664.81 500 -500
2669.26 500 -500
2673.71 500 -500
2678.15 500 -500
2682.6 500 -500
2687.05 500 -500
2691.5 500 -500
2695.94 500 -500
2700.39 500 -500
2704.84 500 -500
2709.28 500 -500
2713.73 500 -500
2718.18 500 -500
2722.62 500 -500
2727.07 500 -500
2731.52 500 -500
2735.96 500 -500
2740.41 500 -500
2744.86 500 -500
2749.31 500 -500
2753.75 500 -500
2758.2 500 -500
2762.65 500 -500
2767.09 500 -500
2771.54 500 -500
2775.99 500 -500
2780.43 500 -500
2784.88 500 -500
2789.33 500 -500
2793.77 500 -500
2798.22 500 -500
2802.67 500 -500
2807.12 500 -500
2811.56 500 -500
2816.01 500 -500
2820.46 500 -500
2824.9 500 -500
2829.35 500 -500
2833.8 500 -500
2838.24 500 -500
2842.69 500 -500
2847.14 500 -500
2851.58 500 -500
2856.03 500 -500
2860.48 500 -500
2864.92 500 -500
2869.37 500 -500
2873.82 500 -500
2878.27 500 -500
2882.71 500 -500
2887.16 500 -500
2891.61 500 -500
2896.05 500 -500
2900.5 500 -500
2904.95 500 -500
2909.39 500 -500
2913.84 500 -500
2918.29 500 -500
2922.73 500 -500
2927.18 500 -500
2931.63 500 -500
2936.08 500 -500
2940.52 500 -500
2944.97 500 -500
2949.42 500 -500
2953.86 500 -500
2958.31 500 -500
2962.76 500 -500
2967.2 500 -500
2971.65 500 -500
2976.1 500 -500
2980.54 500 -500
2984.99 500 -500
2989.44 500 -500
2993.89 500 -500
2998.33 500 -500
3002.78 500 -500
3007.23 500 -500
3011.67 500 -500
3016.12 500 -500
3020.57 500 -500
3025.01 500 -500
3029.46 500 -500
3033.91 500 -500
3038.35 500 -500
3042.8 500 -500
3047.25 500 -500
3051.7 500 -500
3056.14 500 -500
3060.59 500 -500
3065.04 500 -500
3069.48 500 -500
3073.93 500 -500
3078.38 500 -500
3082.82 500 -500
3087.27 500 -500
3091.72 500 -500
3096.16 500 -500
3100.61 500 -500
3105.06 500 -500
3109.51 500 -500
3113.95 500 -500
3118.4 500 -500
3122.85 500 -500
3127.29 500 -500
3131.74 500 -500
3136.19 500 -500
3140.63 500 -500
3145.08 500 -500
3149.53 500 -500
3153.97 500 -500
3158.42 500 -500
3162.87 500 -500
3167.32 500 -500
3171.76 500 -500
3176.21 500 -500
3180.66 500 -500
3185.1 500 -500
3189.55 500 -500
3194 500 -500
3198.44 500 -500
3202.89 500 -500
3207.34 500 -500
3211.78 500 -500
3216.23 500 -500
3220.68 500 -500
3225.13 500 -500
3229.57 500 -500
3234.02 500 -500
3238.47 500 -500
3242.91 500 -500
3247.36 500 -500
3251.81 500 -500
3256.25 500 -500
3260.7 500 -500
3265.15 500 -500
3269.59 500 -500
3274.04 500 -500
3278.49 500 -500
3282.93 500 -500
3287.38 500 -500
3291.83 500 -500
3296.28 500 -500
3300.72 500 -500
3305.17 500 -500
3309.62 500 -500
3314.06 500 -500
3318.51 500 -500
3322.96 500 -500
3327.4 500 -500
3331.85 500 -500
3336.3 500 -500
3340.74 500 -500
3345.19 500 -500
3349.64 500 -500
3354.09 500 -500
3358.53 500 -500
3362.98 500 -500
3367.43 500 -500
3371.87 500 -500
3376.32 500 -500
3380.77 500 -500
3385.21 500 -500
3389.66 500 -500
3394.11 500 -500
3398.55 500 -500
3403 500 -500
3407.45 500 -500
3411.9 500 -500
3416.34 500 -500
3420.79 500 -500
3425.24 500 -500
3429.68 500 -500
3434.13 500 -500
3438.58 500 -500
3443.02 500 -500
3447.47 500 -500
3451.92 500 -500
3456.36 500 -500
3460.81 500 -500
3465.26 500 -500
3469.71 500 -500
3474.15 500 -500
3478.6 500 -500
3483.05 500 -500
3487.49 500 -500
3491.94 500 -500
3496.39 500 -500
3500.83 500 -500
3505.28 500 -500
3509.73 500 -500
3514.17 500 -500
3518.62 500 -500
3523.07 500 -500
3527.52 500 -500
3531.96 500 -500
3536.41 500 -500
3540.86 500 -500
3545.3 500 -500
3549.75 500 -500
3554.2 500 -500
3558.64 500 -500
3563.09 500 -500
3567.54 500 -500
3571.98 500 -500
3576.43 500 -500
3580.88 500 -500
3585.33 500 -500
3589.77 500 -500
3594.22 500 -500
3598.67 500 -500
3603.11 500 -500
3607.56 500 -500
3612.01 500 -500
3616.45 500 -500
3620.9 500 -500
3625.35 500 -500
3629.79 500 -500
3634.24 500 -500
3638.69 500 -500
3643.14 500 -500
3647.58 500 -500
3652.03 500 -500
3656.48 500 -500
3660.92 500 -500
3665.37 500 -500
3669.82 500 -500
3674.26 500 -500
3678.71 500 -500
3683.16 500 -500
3687.6 500 -500
3692.05 500 -500
3696.5 500 -500
3700.94 500 -500
3705.39 500 -500
3709.84 500 -500
3714.29 500 -500
3718.73 500 -500
3723.18 500 -500
3727.63 500 -500
3732.07 500 -500
3736.52 500 -500
3740.97 500 -500
3745.41 500 -500
3749.86 500 -500
3754.31 500 -500
3758.75 500 -500
3763.2 500 -500
3767.65 500 -500
3772.1 500 -500
3776.54 500 -500
3780.99 500 -500
3785.44 500 -500
3789.88 500 -500
3794.33 500 -500
3798.78 500 -500
3803.22 500 -500
3807.67 500 -500
3812.12 500 -500
3816.56 500 -500
3821.01 500 -500
3825.46 500 -500
3829.91 500 -500
3834.35 500 -500
3838.8 500 -500
3843.25 500 -500
3847.69 500 -500
3852.14 500 -500
3856.59 500 -500
3861.03 500 -500
3865.48 500 -500
3869.93 500 -500
3874.37 500 -500
3878.82 500 -500
3883.27 500 -500
3887.72 500 -500
3892.16 500 -500
3896.61 500 -500
3901.06 500 -500
3905.5 500 -500
3909.95 500 -500
3914.4 500 -500
3918.84 500 -500
3923.29 500 -500
3927.74 500 -500
3932.18 500 -500
3936.63 500 -500
3941.08 500 -500
3945.53 500 -500
3949.97 500 -500
3954.42 500 -500
3958.87 500 -500
3963.31 500 -500
3967.76 500 -500
3972.21 500 -500
3976.65 500 -500
3981.1 500 -500
3985.55 500 -500
3989.99 500 -500
3994.44 500 -500
3998.89 500 -500
4003.34 500 -500
4007.78 500 -500
4012.23 500 -500
4016.68 500 -500
4021.12 500 -500
4025.57 500 -500
4030.02 500 -500
4034.46 500 -500
4038.91 500 -500
4043.36 500 -500
4047.8 500 -500
4052.25 500 -500
4056.7 500 -500
4061.15 500 -500
4065.59 500 -500
4070.04 500 -500
4074.49 500 -500
4078.93 500 -500
4083.38 500 -500
4087.83 500 -500
4092.27 500 -500
4096.72 500 -500
4101.17 500 -500
4105.61 500 -500
4110.06 500 -500
4114.51 500 -500
4118.95 500 -500
4123.4 500 -500
4127.85 500 -500
4132.3 500 -500
4136.74 500 -500
4141.19 500 -500
4145.64 500 -500
4150.08 500 -500
4154.53 500 -500
4158.98 500 -500
4163.42 500 -500
4167.87 500 -500
4172.32 500 -500
4176.76 500 -500
4181.21 500 -500
4185.66 500 -500
4190.11 500 -500
4194.55 500 -500
4199 500 -500
4203.45 500 -500
4207.89 500 -500
4212.34 500 -500
4216.79 500 -500
4221.23 500 -500
4225.68 500 -500
4230.13 500 -500
4234.57 500 -500
4239.02 500 -500
4243.47 500 -500
4247.92 500 -500
4252.36 500 -500
4256.81 500 -500
4261.26 500 -500
4265.7 500 -500
4270.15 500 -500
4274.6 500 -500
4279.04 500 -500
4283.49 500 -500
4287.94 500 -500
4292.38 500 -500
4296.83 500 -500
4301.28 500 -500
4305.73 500 -500
4310.17 500 -500
4314.62 500 -500
4319.07 500 -500
4323.51 500 -500
4327.96 500 -500
4332.41 500 -500
4336.85 500 -500
4341.3 500 -500
4345.75 500 -500
4350.19 500 -500
4354.64 500 -500
4359.09 500 -500
4363.54 500 -500
4367.98 500 -500
4372.43 500 -500
4376.88 500 -500
4381.32 500 -500
4385.77 500 -500
4390.22 500 -500
4394.66 500 -500
4399.11 500 -500
4403.56 500 -500
4408 500 -500
4412.45 500 -500
4416.9 500 -500
4421.35 500 -500
4425.79 500 -500
4430.24 500 -500
4434.69 500 -500
4439.13 500 -500
4443.58 500 -500
4448.03 500 -500
4452.47 500 -500
4456.92 500 -500
4461.37 500 -500
4465.81 500 -500
4470.26 500 -500
4474.71 500 -500
4479.16 500 -500
4483.6 500 -500
4488.05 500 -500
4492.5 500 -500
4496.94 500 -500
4501.39 500 -500
4505.84 500 -500
4510.28 500 -500
4514.73 500 -500
4519.18 500 -500
4523.62 500 -500
4528.07 500 -500
4532.52 500 -500
4536.96 500 -500
4541.41 500 -500
4545.86 500 -500
4550.31 500 -500
4554.75 500 -500
4559.2 500 -500
4563.65 500 -500
4568.09 500 -500
4572.54 500 -500
4576.99 500 -500
4581.43 500 -500
4585.88 500 -500
4590.33 500 -500
4594.77 500 -500
4599.22 500 -500
4603.67 500 -500
4608.12 500 -500
4612.56 500 -500
4617.01 500 -500
4621.46 500 -500
4625.9 500 -500
4630.35 500 -500
4634.8 500 -500
4639.24 500 -500
4643.69 500 -500
4648.14 500 -500
4652.58 500 -500
4657.03 500 -500
4661.48 500 -500
4665.93 500 -500
4670.37 500 -500
4674.82 500 -500
4679.27 500 -500
4683.71 500 -500
4688.16 500 -500
4692.61 500 -500
4697.05 500 -500
4701.5 500 -500
4705.95 500 -500
4710.39 500 -500
4714.84 500 -500
4719.29 500 -500
4723.74 500 -500
4728.18 500 -500
4732.63 500 -500
4737.08 500 -500
4741.52 500 -500
4745.97 500 -500
4750.42 500 -500
4754.86 500 -500
4759.31 500 -500
4763.76 500 -500
4768.2 500 -500
4772.65 500 -500
4777.1 500 -500
4781.55 500 -500
4785.99 500 -500
4790.44 500 -500
4794.89 500 -500
4799.33 500 -500
4803.78 500 -500
4808.23 500 -500
4812.67 500 -500
4817.12 500 -500
4821.57 500 -500
4826.01 500 -500
4830.46 500 -500
4834.91 500 -500
4839.36 500 -500
4843.8 500 -500
4848.25 500 -500
4852.7 500 -500
4857.14 500 -500
4861.59 500 -500
4866.04 500 -500
4870.48 500 -500
4874.93 500 -500
4879.38 500 -500
4883.82 500 -500
4888.27 500 -500
4892.72 500 -500
4897.17 500 -500
4901.61 500 -500
4906.06 500 -500
4910.51 500 -500
4914.95 500 -500
4919.4 500 -500
4923.85 500 -500
4928.29 500 -500
4932.74 500 -500
4937.19 500 -500
4941.63 500 -500
4946.08 500 -500
4950.53 500 -500
4954.97 500 -500
4959.42 500 -500
4963.87 500 -500
4968.32 500 -500
4972.76 500 -500
4977.21 500 -500
4981.66 500 -500
4986.1 500 -500
4990.55 500 -500
4995 500 -500
4999.44 500 -500
5003.89 500 -500
5008.34 500 -500
5012.78 500 -500
5017.23 500 -500
5021.68 500 -500
5026.13 500 -500
5030.57 500 -500
5035.02 500 -500
5039.47 500 -500
5043.91 500 -500
5048.36 500 -500
5052.81 500 -500
5057.25 500 -500
5061.7 500 -500
5066.15 500 -500
5070.59 500 -500
5075.04 500 -500
5079.49 500 -500
5083.94 500 -500
5088.38 500 -500
5092.83 500 -500
5097.28 500 -500
5101.72 500 -500
5106.17 500 -500
5110.62 500 -500
5115.06 500 -500
5119.51 500 -500
5123.96 500 -500
5128.4 500 -500
5132.85 500 -500
5137.3 500 -500
5141.75 500 -500
5146.19 500 -500
5150.64 500 -500
5155.09 500 -500
5159.53 500 -500
5163.98 500 -500
5168.43 500 -500
5172.87 500 -500
5177.32 500 -500
5181.77 500 -500
5186.21 500 -500
5190.66 500 -500
5195.11 500 -500
5199.56 500 -500
5204 500 -500
5208.45 500 -500
5212.9 500 -500
5217.34 500 -500
5221.79 500 -500
5226.24 500 -500
5230.68 500 -500
5235.13 500 -500
5239.58 500 -500
5244.02 500 -500
5248.47 500 -500
5252.92 500 -500
5257.37 500 -500
5261.81 500 -500
5266.26 500 -500
5270.71 500 -500
5275.15 500 -500
5279.6 500 -500
5284.05 500 -500
5288.49 500 -500
5292.94 500 -500
5297.39 500 -500
5301.83 500 -500
5306.28 500 -500
5310.73 500 -500
5315.18 500 -500
5319.62 500 -500
5324.07 500 -500
5328.52 500 -500
5332.96 500 -500
5337.41 500 -500
5341.86 500 -500
5346.3 500 -500
5350.75 500 -500
5355.2 500 -500
5359.64 500 -500
5364.09 500 -500
5368.54 500 -500
5372.98 500 -500
5377.43 500 -500
5381.88 500 -500
5386.33 500 -500
5390.77 500 -500
5395.22 500 -500
5399.67 500 -500
5404.11 500 -500
5408.56 500 -500
5413.01 500 -500
5417.45 500 -500
5421.9 500 -500
5426.35 500 -500
5430.79 500 -500
5435.24 500 -500
5439.69 500 -500
5444.14 500 -500
5448.58 500 -500
5453.03 500 -500
5457.48 500 -500
5461.92 500 -500
5466.37 500 -500
5470.82 500 -500
5475.26 500 -500
5479.71 500 -500
5484.16 500 -500
5488.6 500 -500
5493.05 500 -500
5497.5 500 -500
5501.95 500 -500
5506.39 500 -500
5510.84 500 -500
5515.29 500 -500
5519.73 500 -500
5524.18 500 -500
5528.63 500 -500
5533.07 500 -500
5537.52 500 -500
5541.97 500 -500
5546.41 500 -500
5550.86 500 -500
5555.31 500 -500
5559.76 500 -500
5564.2 500 -500
5568.65 500 -500
5573.1 500 -500
5577.54 500 -500
5581.99 500 -500
5586.44 500 -500
5590.88 500 -500
5595.33 500 -500
5599.78 500 -500
5604.22 500 -500
5608.67 500 -500
5613.12 500 -500
5617.57 500 -500
5622.01 500 -500
5626.46 500 -500
5630.91 500 -500
5635.35 500 -500
5639.8 500 -500
5644.25 500 -500
5648.69 500 -500
5653.14 500 -500
5657.59 500 -500
5662.03 500 -500
5666.48 500 -500
5670.93 500 -500
5675.38 500 -500
5679.82 500 -500
5684.27 500 -500
5688.72 500 -500
5693.16 500 -500
5697.61 500 -500
5702.06 500 -500
5706.5 500 -500
5710.95 500 -500
5715.4 500 -500
5719.84 500 -500
5724.29 500 -500
5728.74 500 -500
5733.19 500 -500
5737.63 500 -500
5742.08 500 -500
5746.53 500 -500
5750.97 500 -500
5755.42 500 -500
5759.87 500 -500
5764.31 500 -500
5768.76 500 -500
5773.21 500 -500
5777.65 500 -500
5782.1 500 -500
5786.55 500 -500
5790.99 500 -500
5795.44 500 -500
5799.89 500 -500
5804.34 500 -500
5808.78 500 -500
5813.23 500 -500
5817.68 500 -500
5822.12 500 -500
5826.57 500 -500
5831.02 500 -500
5835.46 500 -500
5839.91 500 -500
5844.36 500 -500
5848.8 500 -500
5853.25 500 -500
5857.7 500 -500
5862.15 500 -500
5866.59 500 -500
5871.04 500 -500
5875.49 500 -500
5879.93 500 -500
5884.38 500 -500
5888.83 500 -500
5893.27 500 -500
5897.72 500 -500
5902.17 500 -500
5906.61 500 -500
5911.06 500 -500
5915.51 500 -500
5919.96 500 -500
5924.4 500 -500
5928.85 500 -500
5933.3 500 -500
5937.74 500 -500
5942.19 500 -500
5946.64 500 -500
5951.08 500 -500
5955.53 500 -500
5959.98 500 -500
5964.42 500 -500
5968.87 500 -500
5973.32 500 -500
5977.77 500 -500
5982.21 500 -500
5986.66 500 -500
5991.11 500 -500
5995.55 500 -500
6000 500 -500
